n=4
count=199
#1
1 2
1 3
1 4
2 1
2 3
2 4
#2
1 2
1 3
1 4
2 1
2 3
3 1
3 2
#3
1 2
1 3
1 4
2 1
2 3
3 4
4 2
#4
1 2
1 3
1 4
2 1
3 2
3 4
4 2
4 3
#5
1 2
1 3
2 1
2 3
3 4
4 1
4 2
#6
1 2
1 3
1 4
2 1
2 3
2 4
3 1
3 4
4 2
#7
1 2
1 3
1 4
2 1
2 3
3 4
#8
1 2
1 3
2 1
2 3
3 4
4 1
4 3
#9
1 2
1 3
2 1
2 4
3 2
3 4
4 1
#10
1 2
1 3
2 3
3 4
4 3
#11
1 2
1 3
1 4
2 1
2 3
3 2
4 2
4 3
#12
1 2
1 3
1 4
2 1
3 2
3 4
#13
1 2
1 3
1 4
2 1
2 3
3 4
4 1
#14
1 2
1 3
1 4
2 1
2 3
3 1
4 1
#15
1 2
1 3
1 4
2 1
2 3
3 1
3 4
4 1
4 2
#16
1 2
1 3
1 4
2 1
2 3
3 1
3 4
#17
1 2
1 3
2 3
4 2
4 3
#18
1 2
1 3
2 1
3 2
3 4
4 1
4 2
#19
1 2
1 3
2 1
2 3
3 1
3 4
4 1
4 2
#20
1 2
1 3
2 1
2 3
4 1
4 3
#21
1 2
1 3
1 4
2 1
2 3
4 1
4 3
#22
1 2
1 3
1 4
2 1
2 3
3 2
4 3
#23
1 2
1 3
2 3
3 2
4 1
#24
1 2
1 3
2 1
3 4
4 3
#25
1 2
1 3
1 4
2 1
2 3
4 2
4 3
#26
1 2
1 3
2 1
2 3
3 4
4 3
#27
1 2
1 3
2 1
3 4
4 1
4 2
#28
1 2
1 3
2 1
2 4
3 1
3 4
4 1
#29
1 2
1 3
1 4
2 1
2 3
3 1
3 4
4 2
#30
1 2
1 3
1 4
2 1
2 3
3 2
4 1
4 3
#31
1 2
1 3
1 4
2 1
2 3
4 3
#32
1 2
1 3
1 4
2 1
2 3
3 1
4 1
4 3
#33
1 2
1 3
1 4
2 1
2 3
3 2
3 4
4 1
#34
1 2
1 3
2 1
2 3
3 1
3 4
4 2
4 3
#35
1 2
1 3
1 4
2 1
2 3
2 4
3 1
3 4
4 3
#36
1 2
1 3
1 4
2 1
2 3
3 2
3 4
4 2
4 3
#37
1 2
1 3
2 1
2 3
3 1
4 1
4 2
#38
1 2
1 3
2 1
2 4
3 2
#39
1 2
1 3
2 1
2 4
3 1
4 1
4 3
#40
1 2
1 3
1 4
2 1
2 3
2 4
3 1
4 3
#41
1 2
1 3
2 1
3 2
3 4
4 2
#42
1 2
1 3
2 1
3 2
3 4
4 3
#43
1 2
1 3
2 3
3 2
4 2
#44
1 2
1 3
2 1
2 4
3 1
4 2
#45
1 2
1 3
1 4
2 3
2 4
3 2
3 4
#46
1 2
1 3
1 4
2 1
2 3
3 1
3 4
4 1
#47
1 2
1 3
2 1
2 3
3 1
4 2
4 3
#48
1 2
1 3
1 4
2 1
2 3
3 1
4 3
#49
1 2
1 3
2 1
2 3
3 1
3 4
4 3
#50
1 2
1 3
1 4
2 1
2 3
3 2
3 4
4 2
#51
1 2
1 3
1 4
2 3
2 4
#52
1 2
1 3
2 3
2 4
3 4
4 1
#53
1 2
1 3
2 1
3 4
4 2
4 3
#54
1 2
1 3
1 4
2 1
2 3
2 4
3 1
3 4
#55
1 2
1 3
2 1
2 3
4 3
#56
1 2
1 3
2 4
3 4
4 2
#57
1 2
1 3
2 1
3 2
4 1
4 2
#58
1 2
1 3
2 1
3 2
4 2
4 3
#59
1 2
1 3
2 1
2 3
3 1
3 4
4 2
#60
1 2
1 3
2 1
2 3
3 1
3 4
4 1
4 3
#61
1 2
1 3
1 4
2 1
2 3
2 4
3 1
3 2
3 4
4 1
4 2
4 3
#62
1 2
1 3
2 3
2 4
3 4
#63
1 2
1 3
1 4
2 1
2 3
2 4
3 1
#64
1 2
1 3
1 4
2 1
2 3
3 1
#65
1 2
1 3
1 4
2 1
2 3
2 4
3 1
3 2
3 4
4 1
#66
1 2
1 3
2 1
2 3
3 1
3 4
#67
1 2
1 3
2 1
2 3
3 1
4 1
4 3
#68
1 2
1 3
2 3
3 4
4 1
#69
1 2
1 3
1 4
2 1
2 3
3 2
#70
1 2
1 3
1 4
2 1
3 2
3 4
4 2
#71
1 2
1 3
1 4
2 3
4 3
#72
1 2
1 3
1 4
2 1
2 3
3 2
4 2
#73
1 2
1 3
1 4
2 1
2 3
3 1
3 2
4 2
#74
1 2
1 3
1 4
2 3
2 4
3 2
4 3
#75
1 2
1 3
2 3
2 4
3 4
4 3
#76
1 2
1 3
1 4
2 1
2 3
2 4
3 1
3 2
4 3
#77
1 2
1 3
1 4
2 1
2 3
2 4
3 1
3 4
4 2
4 3
#78
1 2
1 3
1 4
2 3
3 2
4 2
#79
1 2
1 3
2 1
2 3
3 1
3 4
4 1
#80
1 2
1 3
1 4
2 1
2 3
3 1
3 4
4 3
#81
1 2
1 3
2 1
2 4
3 1
3 4
#82
1 2
1 3
1 4
2 1
2 3
3 1
3 2
4 2
4 3
#83
1 2
1 3
2 1
2 3
3 4
4 1
#84
1 2
1 3
2 1
3 2
3 4
4 1
#85
1 2
1 3
2 1
2 3
3 1
3 2
4 1
4 2
#86
1 2
1 3
2 1
2 4
3 1
3 4
4 2
4 3
#87
1 2
1 3
2 3
4 2
#88
1 2
1 3
1 4
2 1
3 4
#89
1 2
1 3
1 4
2 1
3 1
4 2
#90
1 2
1 3
1 4
2 3
2 4
3 2
#91
1 2
1 3
1 4
2 1
2 3
3 2
3 4
#92
1 2
1 3
2 1
4 3
#93
1 2
1 3
2 3
3 2
4 2
4 3
#94
1 2
1 3
2 1
2 3
4 1
#95
1 2
1 3
2 1
2 3
3 1
4 3
#96
1 2
2 1
3 1
4 2
#97
1 2
1 3
2 1
2 4
3 2
3 4
4 1
4 3
#98
1 2
1 3
1 4
2 1
2 3
2 4
3 1
3 4
4 1
#99
1 2
1 3
2 1
3 1
4 2
4 3
#100
1 2
1 3
1 4
2 1
2 3
2 4
3 1
3 2
3 4
#101
1 2
1 3
2 1
2 3
3 4
#102
1 2
1 3
2 1
4 2
4 3
#103
1 2
1 3
2 4
3 4
#104
1 2
1 3
2 1
2 4
3 4
#105
1 2
1 3
1 4
2 1
2 3
3 4
4 2
4 3
#106
1 2
1 3
1 4
2 1
3 4
4 3
#107
1 2
1 3
2 3
2 4
4 1
4 3
#108
1 2
1 3
2 1
3 2
4 1
#109
1 2
1 3
1 4
2 3
2 4
3 4
4 3
#110
1 2
1 3
1 4
2 1
3 2
#111
1 2
1 3
1 4
2 3
2 4
3 2
3 4
4 2
4 3
#112
1 2
1 3
1 4
2 1
3 1
4 2
4 3
#113
1 2
1 3
1 4
2 1
2 3
2 4
3 1
3 2
4 1
#114
1 2
1 3
1 4
2 1
2 3
4 1
#115
1 2
1 3
1 4
2 1
3 2
4 3
#116
1 2
1 3
1 4
2 1
2 3
3 1
3 4
4 2
4 3
#117
1 2
1 3
1 4
2 1
2 3
#118
1 2
1 3
2 1
2 4
3 1
#119
1 2
1 3
1 4
2 1
2 3
3 1
4 2
#120
1 2
1 3
1 4
2 1
2 3
3 1
3 2
4 1
#121
1 2
2 3
3 4
4 1
#122
1 2
1 3
2 3
2 4
4 1
#123
1 2
1 3
1 4
2 1
3 1
#124
1 2
1 3
1 4
2 1
2 3
3 1
4 2
4 3
#125
1 2
1 3
1 4
2 3
3 4
#126
1 2
1 3
1 4
2 1
2 3
3 2
3 4
4 3
#127
1 2
1 3
1 4
2 3
3 2
#128
1 2
1 3
2 1
2 4
3 2
4 1
#129
1 2
1 3
1 4
2 1
2 3
2 4
3 1
3 2
4 1
4 2
#130
1 2
1 3
2 1
3 1
4 1
#131
1 2
1 3
2 1
4 1
4 3
#132
1 2
1 3
1 4
2 1
#133
1 2
1 3
2 3
3 4
4 2
#134
1 2
2 3
3 1
4 1
#135
1 2
1 3
1 4
2 3
3 4
4 2
#136
1 2
1 3
2 1
3 2
4 1
4 3
#137
1 2
1 3
1 4
2 1
2 3
3 2
3 4
4 1
4 3
#138
1 2
1 3
1 4
2 1
2 3
2 4
3 1
3 4
4 1
4 3
#139
1 2
3 2
4 2
#140
1 2
1 3
2 1
3 2
3 4
#141
1 2
1 3
2 1
2 3
4 1
4 2
#142
1 2
1 3
2 1
3 1
4 2
#143
1 2
1 3
1 4
2 1
2 3
4 2
#144
1 2
1 3
2 1
4 2
#145
1 2
1 3
2 1
3 1
4 1
4 2
#146
1 2
1 3
1 4
#147
1 2
1 3
2 4
4 3
#148
1 2
1 3
1 4
2 1
3 2
3 4
4 3
#149
1 2
2 1
3 1
4 1
#150
1 2
1 3
2 1
4 1
#151
1 2
1 3
2 3
4 1
#152
1 2
1 3
2 4
4 1
#153
1 2
2 3
3 4
#154
1 2
1 3
2 1
2 3
3 1
3 2
4 1
#155
1 2
1 3
2 1
3 4
#156
1 2
1 3
1 4
2 1
2 3
3 2
4 1
#157
1 2
1 3
2 1
2 4
#158
1 2
1 3
2 3
3 4
#159
1 2
2 1
3 1
4 3
#160
1 2
1 3
1 4
2 3
2 4
3 4
#161
1 2
1 3
2 1
2 3
3 1
4 1
#162
1 2
2 3
4 3
#163
1 2
1 3
2 1
2 4
3 1
4 1
#164
1 2
1 3
2 1
2 4
3 2
3 4
#165
1 2
1 3
1 4
2 1
2 3
2 4
3 4
#166
1 2
1 3
1 4
2 1
2 3
2 4
3 1
4 1
#167
1 2
1 3
2 3
4 3
#168
1 2
1 3
4 2
4 3
#169
1 2
1 3
2 1
2 4
3 2
3 4
4 3
#170
1 2
1 3
2 1
3 4
4 2
#171
1 2
1 3
2 1
3 2
4 3
#172
1 2
1 3
1 4
2 1
2 3
2 4
3 4
4 3
#173
1 2
1 3
2 3
2 4
4 3
#174
1 2
1 3
1 4
2 3
2 4
3 2
3 4
4 2
#175
1 2
1 3
1 4
2 1
2 3
2 4
3 1
3 2
4 1
4 3
#176
1 2
1 3
1 4
2 1
2 3
2 4
3 1
3 2
#177
1 2
1 3
1 4
2 3
2 4
3 2
4 2
#178
1 2
1 3
1 4
2 1
2 3
3 1
3 2
4 1
4 2
#179
1 2
1 3
1 4
2 1
3 2
4 2
#180
1 2
1 3
1 4
2 1
2 3
3 4
4 3
#181
1 2
2 3
4 2
#182
1 2
1 3
2 1
2 4
3 4
4 3
#183
1 2
1 3
2 1
3 2
4 2
#184
1 2
1 3
2 1
2 3
3 1
4 2
#185
1 2
1 3
2 1
2 4
3 1
4 3
#186
1 2
1 3
2 4
3 4
4 1
#187
1 2
1 3
4 2
#188
1 2
1 3
1 4
2 3
#189
1 2
1 3
2 3
2 4
#190
1 2
1 3
2 1
3 4
4 1
#191
1 2
1 3
2 4
#192
1 2
1 3
2 1
2 4
3 2
4 3
#193
1 2
1 3
2 4
4 2
#194
1 2
1 3
1 4
2 1
2 3
2 4
3 1
4 2
#195
1 2
1 3
1 4
2 1
2 3
2 4
3 1
3 2
3 4
4 1
4 2
#196
1 2
1 3
4 1
#197
1 2
1 3
1 4
2 1
3 1
4 1
#198
1 2
1 3
2 1
4 1
4 2
#199
1 2
1 3
2 1
2 4
3 1
3 4
4 2
