n=4
count=199
#1
1 2
1 3
1 4
2 3
2 4
3 2
4 2
#2
1 2
1 3
2 3
3 4
4 2
#3
1 2
1 3
2 1
4 2
#4
1 2
1 3
2 3
2 4
4 1
#5
1 2
1 3
1 4
2 1
2 3
2 4
3 1
3 4
4 2
#6
1 2
1 3
2 1
2 3
3 1
3 4
4 3
#7
1 2
1 3
1 4
2 1
2 3
3 4
4 2
4 3
#8
1 2
1 3
1 4
2 1
2 3
3 2
3 4
4 2
4 3
#9
1 2
1 3
2 3
3 4
#10
1 2
1 3
2 1
2 4
3 2
3 4
4 3
#11
1 2
1 3
2 3
3 2
4 2
4 3
#12
1 2
1 3
2 1
2 3
3 1
3 4
4 1
#13
1 2
1 3
2 1
2 4
3 2
3 4
4 1
4 3
#14
1 2
1 3
1 4
2 1
2 3
3 4
#15
1 2
1 3
1 4
2 1
2 3
3 2
3 4
#16
1 2
1 3
1 4
2 1
2 3
2 4
3 1
3 2
4 3
#17
1 2
1 3
1 4
2 3
#18
1 2
1 3
1 4
2 1
2 3
3 2
3 4
4 2
#19
1 2
2 3
3 4
#20
1 2
2 1
3 1
4 2
#21
1 2
1 3
2 1
2 3
3 1
3 4
4 2
#22
1 2
1 3
2 1
3 2
4 3
#23
1 2
2 3
4 3
#24
1 2
1 3
2 4
4 3
#25
1 2
1 3
2 3
4 3
#26
1 2
1 3
1 4
2 1
3 2
#27
1 2
1 3
2 1
2 3
3 4
#28
1 2
1 3
1 4
2 1
2 3
3 2
4 3
#29
1 2
1 3
2 4
3 4
4 2
#30
1 2
1 3
1 4
2 1
2 3
4 2
#31
1 2
1 3
1 4
2 1
2 3
3 2
3 4
4 1
4 3
#32
1 2
1 3
1 4
2 1
2 3
3 1
3 4
4 2
#33
1 2
1 3
4 1
#34
1 2
1 3
1 4
2 3
3 2
4 2
#35
1 2
1 3
1 4
2 3
3 4
4 2
#36
1 2
1 3
1 4
2 1
2 3
3 1
3 4
4 1
4 2
#37
1 2
1 3
1 4
2 1
2 3
2 4
3 1
3 2
3 4
4 1
#38
1 2
1 3
1 4
2 1
2 3
2 4
3 1
4 3
#39
1 2
1 3
1 4
2 1
2 3
2 4
3 1
3 2
4 1
4 2
#40
1 2
1 3
1 4
2 1
3 2
3 4
4 2
#41
1 2
1 3
1 4
2 3
3 2
#42
1 2
1 3
2 1
2 4
3 1
3 4
4 1
#43
1 2
1 3
2 1
4 2
4 3
#44
1 2
1 3
1 4
2 3
2 4
3 2
3 4
4 2
4 3
#45
1 2
1 3
2 3
2 4
3 4
4 1
#46
1 2
1 3
2 3
4 2
4 3
#47
1 2
1 3
2 1
2 3
3 4
4 1
4 2
#48
1 2
1 3
2 1
2 4
3 1
3 4
4 2
#49
1 2
1 3
2 1
2 3
3 4
4 3
#50
1 2
1 3
2 1
2 4
3 1
3 4
4 2
4 3
#51
1 2
1 3
1 4
2 1
2 3
3 1
4 3
#52
1 2
1 3
1 4
2 1
2 3
3 2
3 4
4 3
#53
1 2
1 3
1 4
2 3
2 4
3 2
3 4
4 2
#54
1 2
1 3
1 4
2 1
2 3
2 4
3 1
4 2
#55
1 2
1 3
2 1
2 3
4 1
4 3
#56
1 2
1 3
2 3
2 4
4 1
4 3
#57
1 2
1 3
2 1
2 4
3 2
3 4
4 1
#58
1 2
1 3
2 1
3 2
3 4
4 2
#59
1 2
1 3
1 4
2 1
2 3
3 1
3 2
#60
1 2
1 3
2 1
3 4
#61
1 2
1 3
1 4
2 1
2 3
3 2
4 2
4 3
#62
1 2
1 3
1 4
2 1
2 3
2 4
3 1
3 2
3 4
4 1
4 2
#63
1 2
1 3
2 1
2 4
3 2
#64
1 2
1 3
2 1
3 4
4 3
#65
1 2
1 3
2 1
2 3
3 4
4 1
#66
1 2
1 3
2 1
2 3
3 1
4 2
4 3
#67
1 2
1 3
2 1
2 3
3 1
3 4
4 2
4 3
#68
1 2
1 3
2 3
2 4
3 4
#69
1 2
1 3
1 4
2 1
2 3
3 1
4 2
#70
1 2
2 3
4 2
#71
1 2
1 3
2 4
4 2
#72
1 2
1 3
1 4
2 1
2 3
2 4
3 1
3 2
3 4
4 1
4 2
4 3
#73
1 2
1 3
1 4
2 1
3 4
#74
1 2
1 3
1 4
2 1
3 1
4 2
#75
1 2
1 3
2 1
3 2
4 2
4 3
#76
1 2
1 3
2 1
2 3
4 1
#77
1 2
1 3
2 1
3 4
4 2
4 3
#78
1 2
1 3
1 4
2 1
2 3
2 4
3 1
#79
1 2
1 3
1 4
2 1
2 3
3 4
4 2
#80
1 2
1 3
2 1
2 3
3 1
3 4
4 1
4 2
#81
1 2
1 3
2 1
2 3
3 1
3 2
4 1
4 2
#82
1 2
3 2
4 2
#83
1 2
1 3
2 1
3 1
4 1
#84
1 2
1 3
2 1
2 3
3 1
4 1
4 3
#85
1 2
1 3
1 4
2 1
2 3
3 1
3 2
4 1
4 2
#86
1 2
1 3
1 4
2 3
2 4
#87
1 2
1 3
1 4
2 1
2 3
2 4
3 1
3 4
4 2
4 3
#88
1 2
1 3
2 1
2 3
4 1
4 2
#89
1 2
1 3
1 4
2 1
2 3
2 4
3 1
3 2
#90
1 2
1 3
1 4
2 3
2 4
3 2
3 4
#91
1 2
1 3
2 1
2 3
3 1
4 1
4 2
#92
1 2
1 3
2 1
2 4
3 1
4 1
4 3
#93
1 2
1 3
1 4
2 1
2 3
3 1
3 4
4 3
#94
1 2
1 3
1 4
#95
1 2
1 3
2 4
#96
1 2
1 3
2 1
2 4
3 2
4 3
#97
1 2
1 3
1 4
2 1
2 3
2 4
3 1
3 4
4 1
4 3
#98
1 2
1 3
1 4
2 1
3 2
3 4
4 3
#99
1 2
1 3
1 4
2 1
2 3
2 4
3 1
4 1
#100
1 2
1 3
1 4
2 1
2 3
3 1
3 4
4 2
4 3
#101
1 2
1 3
1 4
2 1
#102
1 2
1 3
2 1
3 2
4 1
#103
1 2
1 3
1 4
2 1
2 3
3 1
4 1
#104
1 2
1 3
4 2
#105
1 2
1 3
2 1
4 3
#106
1 2
1 3
1 4
2 1
2 3
3 2
4 2
#107
1 2
1 3
2 1
3 2
4 1
4 3
#108
1 2
1 3
2 1
2 3
4 3
#109
1 2
1 3
1 4
2 1
2 3
2 4
3 1
3 2
4 1
#110
1 2
1 3
2 4
3 4
#111
1 2
1 3
1 4
2 1
2 3
3 4
4 3
#112
1 2
1 3
2 1
2 3
3 1
3 4
#113
1 2
1 3
2 1
3 1
4 2
4 3
#114
1 2
1 3
2 3
2 4
4 3
#115
1 2
2 1
3 1
4 1
#116
1 2
1 3
1 4
2 1
2 3
3 1
4 1
4 3
#117
1 2
1 3
2 1
2 4
3 4
#118
1 2
1 3
2 1
3 2
3 4
4 1
#119
1 2
1 3
2 1
2 4
#120
1 2
1 3
2 3
3 2
4 1
#121
1 2
1 3
1 4
2 1
2 3
4 1
4 3
#122
1 2
1 3
2 1
3 4
4 2
#123
1 2
2 1
3 1
4 3
#124
1 2
1 3
1 4
2 1
2 3
3 2
3 4
4 1
#125
1 2
1 3
1 4
2 1
2 3
3 2
#126
1 2
1 3
1 4
2 1
2 3
3 4
4 1
#127
1 2
1 3
2 1
2 4
3 2
3 4
#128
1 2
1 3
1 4
2 1
3 1
4 2
4 3
#129
1 2
1 3
1 4
2 1
2 3
4 2
4 3
#130
1 2
1 3
1 4
2 1
2 3
3 1
4 2
4 3
#131
1 2
1 3
2 4
3 4
4 1
#132
1 2
1 3
2 3
3 4
4 1
#133
1 2
1 3
1 4
2 1
2 3
3 1
3 2
4 2
4 3
#134
1 2
1 3
1 4
2 1
3 4
4 3
#135
1 2
1 3
2 1
2 3
3 1
3 2
4 1
#136
1 2
1 3
2 1
3 2
4 2
#137
1 2
1 3
2 1
2 4
3 2
4 1
#138
1 2
1 3
1 4
2 1
2 3
2 4
3 1
3 4
#139
1 2
1 3
1 4
2 1
2 3
2 4
3 4
#140
1 2
1 3
1 4
2 3
2 4
3 4
#141
1 2
1 3
2 3
2 4
#142
1 2
1 3
1 4
2 1
3 2
4 2
#143
1 2
2 3
3 4
4 1
#144
1 2
1 3
1 4
2 3
3 4
#145
1 2
1 3
1 4
2 1
2 3
3 1
#146
1 2
1 3
2 1
3 2
3 4
4 3
#147
1 2
1 3
1 4
2 1
2 3
4 1
#148
1 2
1 3
2 1
2 4
3 1
3 4
#149
1 2
1 3
2 3
3 4
4 3
#150
1 2
1 3
2 1
3 4
4 1
#151
1 2
1 3
1 4
2 1
2 3
2 4
#152
1 2
1 3
2 1
3 2
3 4
#153
1 2
1 3
1 4
2 1
3 2
3 4
4 2
4 3
#154
1 2
1 3
2 1
2 3
3 1
4 3
#155
1 2
1 3
2 3
2 4
3 4
4 3
#156
1 2
1 3
2 3
4 2
#157
1 2
1 3
1 4
2 3
2 4
3 2
4 3
#158
1 2
1 3
1 4
2 1
2 3
3 1
3 4
4 1
#159
1 2
1 3
2 4
4 1
#160
1 2
1 3
1 4
2 1
2 3
#161
1 2
1 3
1 4
2 1
2 3
3 1
3 4
#162
1 2
1 3
2 1
3 2
3 4
4 1
4 2
#163
1 2
1 3
2 1
2 3
3 1
4 1
#164
1 2
1 3
1 4
2 1
2 3
4 3
#165
1 2
1 3
2 1
2 3
3 1
4 2
#166
1 2
1 3
1 4
2 1
3 1
4 1
#167
1 2
1 3
2 3
4 1
#168
1 2
1 3
2 1
3 4
4 1
4 2
#169
1 2
1 3
1 4
2 1
2 3
3 1
3 2
4 2
#170
1 2
1 3
1 4
2 3
4 3
#171
1 2
1 3
2 1
2 4
3 1
4 1
#172
1 2
1 3
1 4
2 1
2 3
2 4
3 1
3 4
4 3
#173
1 2
1 3
1 4
2 1
2 3
3 1
3 2
4 1
#174
1 2
1 3
1 4
2 1
3 1
#175
1 2
1 3
2 1
3 1
4 2
#176
1 2
2 3
3 1
4 1
#177
1 2
1 3
1 4
2 1
2 3
2 4
3 1
3 2
4 1
4 3
#178
1 2
1 3
2 1
2 4
3 4
4 3
#179
1 2
1 3
1 4
2 1
3 2
4 3
#180
1 2
1 3
2 1
2 3
3 1
3 4
4 1
4 3
#181
1 2
1 3
2 1
2 4
3 1
#182
1 2
1 3
1 4
2 1
2 3
2 4
3 1
3 2
3 4
#183
1 2
1 3
2 1
4 1
#184
1 2
1 3
2 3
3 2
4 2
#185
1 2
1 3
2 1
3 2
4 1
4 2
#186
1 2
1 3
4 2
4 3
#187
1 2
1 3
1 4
2 1
2 3
3 2
4 1
#188
1 2
1 3
2 1
2 4
3 1
4 3
#189
1 2
1 3
2 1
2 4
3 1
4 2
#190
1 2
1 3
1 4
2 3
2 4
3 2
#191
1 2
1 3
1 4
2 1
2 3
2 4
3 4
4 3
#192
1 2
1 3
1 4
2 1
2 3
3 2
4 1
4 3
#193
1 2
1 3
2 1
4 1
4 3
#194
1 2
1 3
1 4
2 3
2 4
3 4
4 3
#195
1 2
1 3
2 1
3 1
4 1
4 2
#196
1 2
1 3
2 1
2 3
3 4
4 1
4 3
#197
1 2
1 3
1 4
2 1
2 3
2 4
3 1
3 4
4 1
#198
1 2
1 3
1 4
2 1
3 2
3 4
#199
1 2
1 3
2 1
4 1
4 2
